chr1	2730000	2740000	23	2.900333848523e-12	8.29205447292724e-09	hotspot
chr1	2740000	2750000	44	1.72430930059771e-32	4.92980029040885e-29	hotspot
chr1	2780000	2790000	38	3.59424607694391e-26	1.02759495339826e-22	hotspot
chr1	2790000	2800000	16	5.04938123720316e-07	0.00144361809571638	hotspot
chr2	5140000	5150000	19	3.80362585776423e-09	1.08745663273479e-05	hotspot
chr2	5150000	5160000	39	3.37518122581545e-27	9.64964312460636e-24	hotspot
chr2	5160000	5170000	19	3.80362585776423e-09	1.08745663273479e-05	hotspot
chr3	1e+05	110000	17	1.04243790076978e-07	0.000298032995830081	hotspot
chr3	340000	350000	14	9.99989144557649e-06	0.0285896896429032	hotspot
chr3	350000	360000	14	9.99989144557649e-06	0.0285896896429032	hotspot
chr3	360000	370000	14	9.99989144557649e-06	0.0285896896429032	hotspot
chr3	370000	380000	14	9.99989144557649e-06	0.0285896896429032	hotspot
chr3	380000	390000	14	9.99989144557649e-06	0.0285896896429032	hotspot
chr3	410000	420000	14	9.99989144557649e-06	0.0285896896429032	hotspot
chr10	1930000	1940000	15	2.31386871057403e-06	0.00661535064353116	hotspot
chr10	1940000	1950000	14	9.99989144557649e-06	0.0285896896429032	hotspot
chr4	3600000	3610000	25	6.24683687652447e-14	1.78597066299835e-10	hotspot
chr4	3610000	3620000	25	6.24683687652447e-14	1.78597066299835e-10	hotspot
chr4	3620000	3630000	25	6.24683687652447e-14	1.78597066299835e-10	hotspot
chr4	3630000	3640000	25	6.24683687652447e-14	1.78597066299835e-10	hotspot
chr4	3640000	3650000	25	6.24683687652447e-14	1.78597066299835e-10	hotspot
chr4	3650000	3660000	25	6.24683687652447e-14	1.78597066299835e-10	hotspot
chr4	3660000	3670000	25	6.24683687652447e-14	1.78597066299835e-10	hotspot
chr4	3670000	3680000	25	6.24683687652447e-14	1.78597066299835e-10	hotspot
chr4	3680000	3690000	25	6.24683687652447e-14	1.78597066299835e-10	hotspot
chr4	3690000	3700000	25	6.24683687652447e-14	1.78597066299835e-10	hotspot
chr4	3700000	3710000	25	6.24683687652447e-14	1.78597066299835e-10	hotspot
chr4	3710000	3720000	25	6.24683687652447e-14	1.78597066299835e-10	hotspot
chr4	3720000	3730000	25	6.24683687652447e-14	1.78597066299835e-10	hotspot
chr4	3730000	3740000	25	6.24683687652447e-14	1.78597066299835e-10	hotspot
chr4	3740000	3750000	25	6.24683687652447e-14	1.78597066299835e-10	hotspot
chr4	3750000	3760000	25	6.24683687652447e-14	1.78597066299835e-10	hotspot
chr4	3760000	3770000	25	6.24683687652447e-14	1.78597066299835e-10	hotspot
chr4	3770000	3780000	25	6.24683687652447e-14	1.78597066299835e-10	hotspot
chr4	3780000	3790000	25	6.24683687652447e-14	1.78597066299835e-10	hotspot
chr4	3790000	3800000	25	6.24683687652447e-14	1.78597066299835e-10	hotspot
chr4	3800000	3810000	25	6.24683687652447e-14	1.78597066299835e-10	hotspot
chr4	3810000	3820000	25	6.24683687652447e-14	1.78597066299835e-10	hotspot
chr4	3820000	3830000	25	6.24683687652447e-14	1.78597066299835e-10	hotspot
chr4	3830000	3840000	25	6.24683687652447e-14	1.78597066299835e-10	hotspot
chr4	3840000	3850000	25	6.24683687652447e-14	1.78597066299835e-10	hotspot
chr4	3850000	3860000	25	6.24683687652447e-14	1.78597066299835e-10	hotspot
chr4	3860000	3870000	25	6.24683687652447e-14	1.78597066299835e-10	hotspot
chr4	3870000	3880000	25	6.24683687652447e-14	1.78597066299835e-10	hotspot
chr4	3880000	3890000	25	6.24683687652447e-14	1.78597066299835e-10	hotspot
chr4	3890000	3900000	25	6.24683687652447e-14	1.78597066299835e-10	hotspot
chr4	3900000	3910000	25	6.24683687652447e-14	1.78597066299835e-10	hotspot
chr4	3910000	3920000	25	6.24683687652447e-14	1.78597066299835e-10	hotspot
chr4	3920000	3930000	25	6.24683687652447e-14	1.78597066299835e-10	hotspot
chr4	3930000	3940000	25	6.24683687652447e-14	1.78597066299835e-10	hotspot
chr4	3940000	3950000	25	6.24683687652447e-14	1.78597066299835e-10	hotspot
chr4	3950000	3960000	25	6.24683687652447e-14	1.78597066299835e-10	hotspot
chr4	3960000	3970000	25	6.24683687652447e-14	1.78597066299835e-10	hotspot
chr4	3970000	3980000	25	6.24683687652447e-14	1.78597066299835e-10	hotspot
chr4	3980000	3990000	25	6.24683687652447e-14	1.78597066299835e-10	hotspot
chr4	3990000	4e+06	25	6.24683687652447e-14	1.78597066299835e-10	hotspot
chr4	4e+06	4010000	25	6.24683687652447e-14	1.78597066299835e-10	hotspot
chr4	4010000	4020000	25	6.24683687652447e-14	1.78597066299835e-10	hotspot
chr4	4020000	4030000	25	6.24683687652447e-14	1.78597066299835e-10	hotspot
chr4	4030000	4040000	25	6.24683687652447e-14	1.78597066299835e-10	hotspot
chr4	4040000	4050000	25	6.24683687652447e-14	1.78597066299835e-10	hotspot
chr4	4050000	4060000	25	6.24683687652447e-14	1.78597066299835e-10	hotspot
chr4	4060000	4070000	25	6.24683687652447e-14	1.78597066299835e-10	hotspot
chr4	4070000	4080000	25	6.24683687652447e-14	1.78597066299835e-10	hotspot
chr4	4080000	4090000	25	6.24683687652447e-14	1.78597066299835e-10	hotspot
chr4	4090000	4100000	25	6.24683687652447e-14	1.78597066299835e-10	hotspot
chr4	4100000	4110000	25	6.24683687652447e-14	1.78597066299835e-10	hotspot
chr4	4110000	4120000	25	6.24683687652447e-14	1.78597066299835e-10	hotspot
chr4	4120000	4130000	25	6.24683687652447e-14	1.78597066299835e-10	hotspot
chr4	4130000	4140000	25	6.24683687652447e-14	1.78597066299835e-10	hotspot
chr4	4140000	4150000	25	6.24683687652447e-14	1.78597066299835e-10	hotspot
chr4	4150000	4160000	25	6.24683687652447e-14	1.78597066299835e-10	hotspot
chr4	4160000	4170000	25	6.24683687652447e-14	1.78597066299835e-10	hotspot
chr4	4170000	4180000	25	6.24683687652447e-14	1.78597066299835e-10	hotspot
chr4	4180000	4190000	25	6.24683687652447e-14	1.78597066299835e-10	hotspot
chr4	4190000	4200000	25	6.24683687652447e-14	1.78597066299835e-10	hotspot
chr4	4200000	4210000	25	6.24683687652447e-14	1.78597066299835e-10	hotspot
chr4	4210000	4220000	25	6.24683687652447e-14	1.78597066299835e-10	hotspot
chr4	4220000	4230000	25	6.24683687652447e-14	1.78597066299835e-10	hotspot
chr4	4230000	4240000	25	6.24683687652447e-14	1.78597066299835e-10	hotspot
chr4	4240000	4250000	25	6.24683687652447e-14	1.78597066299835e-10	hotspot
chr4	4250000	4260000	25	6.24683687652447e-14	1.78597066299835e-10	hotspot
chr4	4260000	4270000	25	6.24683687652447e-14	1.78597066299835e-10	hotspot
chr4	4270000	4280000	25	6.24683687652447e-14	1.78597066299835e-10	hotspot
chr4	4280000	4290000	25	6.24683687652447e-14	1.78597066299835e-10	hotspot
chr4	4290000	4300000	25	6.24683687652447e-14	1.78597066299835e-10	hotspot
chr4	4300000	4310000	26	8.66311668652996e-15	2.47678506067891e-11	hotspot
chr4	4310000	4320000	26	8.66311668652996e-15	2.47678506067891e-11	hotspot
chr4	4320000	4330000	26	8.66311668652996e-15	2.47678506067891e-11	hotspot
chr4	4330000	4340000	26	8.66311668652996e-15	2.47678506067891e-11	hotspot
chr4	4340000	4350000	27	1.15897325539702e-15	3.31350453718008e-12	hotspot
chr4	4350000	4360000	25	6.24683687652447e-14	1.78597066299835e-10	hotspot
chr4	4360000	4370000	25	6.24683687652447e-14	1.78597066299835e-10	hotspot
chr4	4370000	4380000	25	6.24683687652447e-14	1.78597066299835e-10	hotspot
chr4	4380000	4390000	25	6.24683687652447e-14	1.78597066299835e-10	hotspot
chr4	4390000	4400000	25	6.24683687652447e-14	1.78597066299835e-10	hotspot
chr4	4400000	4410000	25	6.24683687652447e-14	1.78597066299835e-10	hotspot
chr4	4410000	4420000	25	6.24683687652447e-14	1.78597066299835e-10	hotspot
chr12	260000	270000	23	2.900333848523e-12	8.29205447292724e-09	hotspot
chr12	270000	280000	28	1.49759142325804e-16	4.28161387909473e-13	hotspot
chr12	280000	290000	29	1.87126087979886e-17	5.34993485534495e-14	hotspot
chr12	290000	3e+05	29	1.87126087979886e-17	5.34993485534495e-14	hotspot
chr12	3e+05	310000	36	3.77691842337246e-24	1.07982097724218e-20	hotspot
chr12	310000	320000	39	3.37518122581545e-27	9.64964312460636e-24	hotspot
chr12	320000	330000	33	3.32861459480145e-21	9.51650912653735e-18	hotspot
chr12	330000	340000	27	1.15897325539702e-15	3.31350453718008e-12	hotspot
chr12	340000	350000	24	4.33967496391028e-13	1.24071307218195e-09	hotspot
chr12	350000	360000	23	2.900333848523e-12	8.29205447292724e-09	hotspot
chr12	360000	370000	22	1.86194675674426e-11	5.32330577753183e-08	hotspot
chr12	370000	380000	16	5.04938123720316e-07	0.00144361809571638	hotspot
chr12	380000	390000	16	5.04938123720316e-07	0.00144361809571638	hotspot
chr12	390000	4e+05	17	1.04243790076978e-07	0.000298032995830081	hotspot
chr12	4e+05	410000	17	1.04243790076978e-07	0.000298032995830081	hotspot
chr12	410000	420000	17	1.04243790076978e-07	0.000298032995830081	hotspot
chr12	420000	430000	20	6.7554651975022e-10	1.93138749996588e-06	hotspot
chr12	430000	440000	23	2.900333848523e-12	8.29205447292724e-09	hotspot
chr12	440000	450000	24	4.33967496391028e-13	1.24071307218195e-09	hotspot
chr12	450000	460000	24	4.33967496391028e-13	1.24071307218195e-09	hotspot
